Dz,z.tot,Kh,Kv,vwc_r,vwc_s,vwc_fc,vwc_wp,VG_alpha,VG_n,SS,thermcond,thermcap
10,10,0.858704040875307,0.858704040875307,0.01,0.55,0.0560583873347944,0.0128323853047293,0.0087747692545969,1.73100406685541,1e-07,5.0863378002902,2600000
10,20,0.858704040875307,0.858704040875307,0.01,0.55,0.0560583873347944,0.0128323853047293,0.0087747692545969,1.73100406685541,1e-07,5.0863378002902,2600000
10,30,0.858704040875307,0.858704040875307,0.01,0.55,0.0560583873347944,0.0128323853047293,0.0087747692545969,1.73100406685541,1e-07,5.0863378002902,2600000
10,40,0.858704040875307,0.858704040875307,0.01,0.55,0.0560583873347944,0.0128323853047293,0.0087747692545969,1.73100406685541,1e-07,5.0863378002902,2600000
10,50,0.858704040875307,0.858704040875307,0.01,0.55,0.0560583873347944,0.0128323853047293,0.0087747692545969,1.73100406685541,1e-07,5.0863378002902,2600000
10,60,0.858704040875307,0.858704040875307,0.01,0.55,0.0560583873347944,0.0128323853047293,0.0087747692545969,1.73100406685541,1e-07,5.0863378002902,2600000
10,70,0.858704040875307,0.858704040875307,0.01,0.55,0.0560583873347944,0.0128323853047293,0.0087747692545969,1.73100406685541,1e-07,5.0863378002902,2600000
10,80,0.858704040875307,0.858704040875307,0.01,0.55,0.0560583873347944,0.0128323853047293,0.0087747692545969,1.73100406685541,1e-07,5.0863378002902,2600000
10,90,0.858704040875307,0.858704040875307,0.01,0.55,0.0560583873347944,0.0128323853047293,0.0087747692545969,1.73100406685541,1e-07,5.0863378002902,2600000
10,100,0.858704040875307,0.858704040875307,0.01,0.55,0.0560583873347944,0.0128323853047293,0.0087747692545969,1.73100406685541,1e-07,5.0863378002902,2600000
10,110,0.858704040875307,0.858704040875307,0.01,0.55,0.0560583873347944,0.0128323853047293,0.0087747692545969,1.73100406685541,1e-07,5.0863378002902,2600000
10,120,0.858704040875307,0.858704040875307,0.01,0.55,0.0560583873347944,0.0128323853047293,0.0087747692545969,1.73100406685541,1e-07,5.0863378002902,2600000
10,130,0.858704040875307,0.858704040875307,0.01,0.55,0.0560583873347944,0.0128323853047293,0.0087747692545969,1.73100406685541,1e-07,5.0863378002902,2600000
10,140,1.7963646424897e-05,1.7963646424897e-05,0.01,0.41,0.0715880502142287,0.0120379891039998,0.00242403029348701,1.89542647070624,1e-07,1.36232495447854,2e+06
14.5739348370927,154.573934837093,1.7963646424897e-05,1.7963646424897e-05,0.01,0.41,0.0715880502142287,0.0120379891039998,0.00242403029348701,1.89542647070624,1e-07,1.36232495447854,2e+06
19.1478696741855,173.721804511278,1.7963646424897e-05,1.7963646424897e-05,0.01,0.41,0.0715880502142287,0.0120379891039998,0.00242403029348701,1.89542647070624,1e-07,1.36232495447854,2e+06
23.7218045112782,197.443609022556,1.7963646424897e-05,1.7963646424897e-05,0.01,0.41,0.0715880502142287,0.0120379891039998,0.00242403029348701,1.89542647070624,1e-07,1.36232495447854,2e+06
28.2957393483709,225.739348370927,1.7963646424897e-05,1.7963646424897e-05,0.01,0.41,0.0715880502142287,0.0120379891039998,0.00242403029348701,1.89542647070624,1e-07,1.36232495447854,2e+06
32.8696741854637,258.609022556391,1.7963646424897e-05,1.7963646424897e-05,0.01,0.41,0.0715880502142287,0.0120379891039998,0.00242403029348701,1.89542647070624,1e-07,1.36232495447854,2e+06
37.4436090225564,296.052631578947,1.7963646424897e-05,1.7963646424897e-05,0.01,0.41,0.0715880502142287,0.0120379891039998,0.00242403029348701,1.89542647070624,1e-07,1.36232495447854,2e+06
42.0175438596491,338.070175438596,1.7963646424897e-05,1.7963646424897e-05,0.01,0.41,0.0715880502142287,0.0120379891039998,0.00242403029348701,1.89542647070624,1e-07,1.36232495447854,2e+06
46.5914786967419,384.661654135338,1.7963646424897e-05,1.7963646424897e-05,0.01,0.41,0.0715880502142287,0.0120379891039998,0.00242403029348701,1.89542647070624,1e-07,1.36232495447854,2e+06
51.1654135338346,435.827067669173,1.7963646424897e-05,1.7963646424897e-05,0.01,0.41,0.0715880502142287,0.0120379891039998,0.00242403029348701,1.89542647070624,1e-07,1.36232495447854,2e+06
55.7393483709273,491.5664160401,1.7963646424897e-05,1.7963646424897e-05,0.01,0.41,0.0715880502142287,0.0120379891039998,0.00242403029348701,1.89542647070624,1e-07,1.36232495447854,2e+06
60.31328320802,551.87969924812,1.7963646424897e-05,1.7963646424897e-05,0.01,0.41,0.0715880502142287,0.0120379891039998,0.00242403029348701,1.89542647070624,1e-07,1.36232495447854,2e+06
64.8872180451128,616.766917293233,1.7963646424897e-05,1.7963646424897e-05,0.01,0.41,0.0715880502142287,0.0120379891039998,0.00242403029348701,1.89542647070624,1e-07,1.36232495447854,2e+06
69.4611528822055,686.228070175439,1.7963646424897e-05,1.7963646424897e-05,0.01,0.41,0.0715880502142287,0.0120379891039998,0.00242403029348701,1.89542647070624,1e-07,1.36232495447854,2e+06
74.0350877192982,760.263157894737,1.7963646424897e-05,1.7963646424897e-05,0.01,0.41,0.0715880502142287,0.0120379891039998,0.00242403029348701,1.89542647070624,1e-07,1.36232495447854,2e+06
78.609022556391,838.872180451128,1.7963646424897e-05,1.7963646424897e-05,0.01,0.41,0.0715880502142287,0.0120379891039998,0.00242403029348701,1.89542647070624,1e-07,1.36232495447854,2e+06
83.1829573934837,922.055137844612,1.7963646424897e-05,1.7963646424897e-05,0.01,0.41,0.0715880502142287,0.0120379891039998,0.00242403029348701,1.89542647070624,1e-07,1.36232495447854,2e+06
87.7568922305764,1009.81203007519,1.7963646424897e-05,1.7963646424897e-05,0.01,0.41,0.0715880502142287,0.0120379891039998,0.00242403029348701,1.89542647070624,1e-07,1.36232495447854,2e+06
92.3308270676692,1102.14285714286,1.7963646424897e-05,1.7963646424897e-05,0.01,0.41,0.0715880502142287,0.0120379891039998,0.00242403029348701,1.89542647070624,1e-07,1.36232495447854,2e+06
96.9047619047619,1199.04761904762,1.7963646424897e-05,1.7963646424897e-05,0.01,0.41,0.0715880502142287,0.0120379891039998,0.00242403029348701,1.89542647070624,1e-07,1.36232495447854,2e+06
101.478696741855,1300.52631578947,1.7963646424897e-05,1.7963646424897e-05,0.01,0.41,0.0715880502142287,0.0120379891039998,0.00242403029348701,1.89542647070624,1e-07,1.36232495447854,2e+06
106.052631578947,1406.57894736842,1.7963646424897e-05,1.7963646424897e-05,0.01,0.41,0.0715880502142287,0.0120379891039998,0.00242403029348701,1.89542647070624,1e-07,1.36232495447854,2e+06
110.62656641604,1517.20551378446,1.7963646424897e-05,1.7963646424897e-05,0.01,0.41,0.0715880502142287,0.0120379891039998,0.00242403029348701,1.89542647070624,1e-07,1.36232495447854,2e+06
115.200501253133,1632.40601503759,1.7963646424897e-05,1.7963646424897e-05,0.01,0.41,0.0715880502142287,0.0120379891039998,0.00242403029348701,1.89542647070624,1e-07,1.36232495447854,2e+06
119.774436090226,1752.18045112782,1.7963646424897e-05,1.7963646424897e-05,0.01,0.41,0.0715880502142287,0.0120379891039998,0.00242403029348701,1.89542647070624,1e-07,1.36232495447854,2e+06
124.348370927318,1876.52882205514,1.7963646424897e-05,1.7963646424897e-05,0.01,0.41,0.0715880502142287,0.0120379891039998,0.00242403029348701,1.89542647070624,1e-07,1.36232495447854,2e+06
128.922305764411,2005.45112781955,1.7963646424897e-05,1.7963646424897e-05,0.01,0.41,0.0715880502142287,0.0120379891039998,0.00242403029348701,1.89542647070624,1e-07,1.36232495447854,2e+06
133.496240601504,2138.94736842105,1.7963646424897e-05,1.7963646424897e-05,0.01,0.41,0.0715880502142287,0.0120379891039998,0.00242403029348701,1.89542647070624,1e-07,1.36232495447854,2e+06
138.070175438596,2277.01754385965,1.7963646424897e-05,1.7963646424897e-05,0.01,0.41,0.0715880502142287,0.0120379891039998,0.00242403029348701,1.89542647070624,1e-07,1.36232495447854,2e+06
142.644110275689,2419.66165413534,1.7963646424897e-05,1.7963646424897e-05,0.01,0.41,0.0715880502142287,0.0120379891039998,0.00242403029348701,1.89542647070624,1e-07,1.36232495447854,2e+06
147.218045112782,2566.87969924812,1.7963646424897e-05,1.7963646424897e-05,0.01,0.41,0.0715880502142287,0.0120379891039998,0.00242403029348701,1.89542647070624,1e-07,1.36232495447854,2e+06
151.791979949875,2718.67167919799,1.7963646424897e-05,1.7963646424897e-05,0.01,0.41,0.0715880502142287,0.0120379891039998,0.00242403029348701,1.89542647070624,1e-07,1.36232495447854,2e+06
156.365914786967,2875.03759398496,1.7963646424897e-05,1.7963646424897e-05,0.01,0.41,0.0715880502142287,0.0120379891039998,0.00242403029348701,1.89542647070624,1e-07,1.36232495447854,2e+06
160.93984962406,3035.97744360902,1.7963646424897e-05,1.7963646424897e-05,0.01,0.41,0.0715880502142287,0.0120379891039998,0.00242403029348701,1.89542647070624,1e-07,1.36232495447854,2e+06
165.513784461153,3201.49122807018,1.7963646424897e-05,1.7963646424897e-05,0.01,0.41,0.0715880502142287,0.0120379891039998,0.00242403029348701,1.89542647070624,1e-07,1.36232495447854,2e+06
170.087719298246,3371.57894736842,1.7963646424897e-05,1.7963646424897e-05,0.01,0.41,0.0715880502142287,0.0120379891039998,0.00242403029348701,1.89542647070624,1e-07,1.36232495447854,2e+06
174.661654135338,3546.24060150376,1.7963646424897e-05,1.7963646424897e-05,0.01,0.41,0.0715880502142287,0.0120379891039998,0.00242403029348701,1.89542647070624,1e-07,1.36232495447854,2e+06
179.235588972431,3725.47619047619,1.7963646424897e-05,1.7963646424897e-05,0.01,0.41,0.0715880502142287,0.0120379891039998,0.00242403029348701,1.89542647070624,1e-07,1.36232495447854,2e+06
183.809523809524,3909.28571428571,1.7963646424897e-05,1.7963646424897e-05,0.01,0.41,0.0715880502142287,0.0120379891039998,0.00242403029348701,1.89542647070624,1e-07,1.36232495447854,2e+06
188.383458646617,4097.66917293233,1.7963646424897e-05,1.7963646424897e-05,0.01,0.41,0.0715880502142287,0.0120379891039998,0.00242403029348701,1.89542647070624,1e-07,1.36232495447854,2e+06
192.957393483709,4290.62656641604,1.7963646424897e-05,1.7963646424897e-05,0.01,0.41,0.0715880502142287,0.0120379891039998,0.00242403029348701,1.89542647070624,1e-07,1.36232495447854,2e+06
197.531328320802,4488.15789473684,1.7963646424897e-05,1.7963646424897e-05,0.01,0.41,0.0715880502142287,0.0120379891039998,0.00242403029348701,1.89542647070624,1e-07,1.36232495447854,2e+06
202.105263157895,4690.26315789474,1.7963646424897e-05,1.7963646424897e-05,0.01,0.41,0.0715880502142287,0.0120379891039998,0.00242403029348701,1.89542647070624,1e-07,1.36232495447854,2e+06
206.679197994987,4896.94235588972,1.7963646424897e-05,1.7963646424897e-05,0.01,0.41,0.0715880502142287,0.0120379891039998,0.00242403029348701,1.89542647070624,1e-07,1.36232495447854,2e+06
211.25313283208,5108.1954887218,1.7963646424897e-05,1.7963646424897e-05,0.01,0.41,0.0715880502142287,0.0120379891039998,0.00242403029348701,1.89542647070624,1e-07,1.36232495447854,2e+06
215.827067669173,5324.02255639098,1.7963646424897e-05,1.7963646424897e-05,0.01,0.41,0.0715880502142287,0.0120379891039998,0.00242403029348701,1.89542647070624,1e-07,1.36232495447854,2e+06
220.401002506266,5544.42355889724,1.7963646424897e-05,1.7963646424897e-05,0.01,0.41,0.0715880502142287,0.0120379891039998,0.00242403029348701,1.89542647070624,1e-07,1.36232495447854,2e+06
224.974937343358,5769.3984962406,1.7963646424897e-05,1.7963646424897e-05,0.01,0.41,0.0715880502142287,0.0120379891039998,0.00242403029348701,1.89542647070624,1e-07,1.36232495447854,2e+06
229.548872180451,5998.94736842105,1.7963646424897e-05,1.7963646424897e-05,0.01,0.41,0.0715880502142287,0.0120379891039998,0.00242403029348701,1.89542647070624,1e-07,1.36232495447854,2e+06
234.122807017544,6233.0701754386,1.7963646424897e-05,1.7963646424897e-05,0.01,0.41,0.0715880502142287,0.0120379891039998,0.00242403029348701,1.89542647070624,1e-07,1.36232495447854,2e+06
238.696741854637,6471.76691729323,1.7963646424897e-05,1.7963646424897e-05,0.01,0.41,0.0715880502142287,0.0120379891039998,0.00242403029348701,1.89542647070624,1e-07,1.36232495447854,2e+06
243.270676691729,6715.03759398496,1.7963646424897e-05,1.7963646424897e-05,0.01,0.41,0.0715880502142287,0.0120379891039998,0.00242403029348701,1.89542647070624,1e-07,1.36232495447854,2e+06
247.844611528822,6962.88220551378,1.7963646424897e-05,1.7963646424897e-05,0.01,0.41,0.0715880502142287,0.0120379891039998,0.00242403029348701,1.89542647070624,1e-07,1.36232495447854,2e+06
252.418546365915,7215.3007518797,1.7963646424897e-05,1.7963646424897e-05,0.01,0.41,0.0715880502142287,0.0120379891039998,0.00242403029348701,1.89542647070624,1e-07,1.36232495447854,2e+06
256.992481203008,7472.29323308271,1.7963646424897e-05,1.7963646424897e-05,0.01,0.41,0.0715880502142287,0.0120379891039998,0.00242403029348701,1.89542647070624,1e-07,1.36232495447854,2e+06
261.5664160401,7733.85964912281,1.7963646424897e-05,1.7963646424897e-05,0.01,0.41,0.0715880502142287,0.0120379891039998,0.00242403029348701,1.89542647070624,1e-07,1.36232495447854,2e+06
266.140350877193,8000,1.7963646424897e-05,1.7963646424897e-05,0.01,0.41,0.0715880502142287,0.0120379891039998,0.00242403029348701,1.89542647070624,1e-07,1.36232495447854,2e+06
