Dz,z.tot,Kh,Kv,vwc_r,vwc_s,vwc_fc,vwc_wp,VG_alpha,VG_n,SS,thermcond,thermcap
10,10,0.378966349814529,0.378966349814529,0.01,0.55,0.0984240479928793,0.0143768873814111,0.00297045773198762,1.78946481466719,1e-07,19.0579497496592,2600000
10,20,0.378966349814529,0.378966349814529,0.01,0.55,0.0984240479928793,0.0143768873814111,0.00297045773198762,1.78946481466719,1e-07,19.0579497496592,2600000
10,30,0.378966349814529,0.378966349814529,0.01,0.55,0.0984240479928793,0.0143768873814111,0.00297045773198762,1.78946481466719,1e-07,19.0579497496592,2600000
10,40,0.378966349814529,0.378966349814529,0.01,0.55,0.0984240479928793,0.0143768873814111,0.00297045773198762,1.78946481466719,1e-07,19.0579497496592,2600000
10,50,0.378966349814529,0.378966349814529,0.01,0.55,0.0984240479928793,0.0143768873814111,0.00297045773198762,1.78946481466719,1e-07,19.0579497496592,2600000
10,60,0.378966349814529,0.378966349814529,0.01,0.55,0.0984240479928793,0.0143768873814111,0.00297045773198762,1.78946481466719,1e-07,19.0579497496592,2600000
10,70,0.378966349814529,0.378966349814529,0.01,0.55,0.0984240479928793,0.0143768873814111,0.00297045773198762,1.78946481466719,1e-07,19.0579497496592,2600000
10,80,0.378966349814529,0.378966349814529,0.01,0.55,0.0984240479928793,0.0143768873814111,0.00297045773198762,1.78946481466719,1e-07,19.0579497496592,2600000
10,90,0.378966349814529,0.378966349814529,0.01,0.55,0.0984240479928793,0.0143768873814111,0.00297045773198762,1.78946481466719,1e-07,19.0579497496592,2600000
10,100,0.378966349814529,0.378966349814529,0.01,0.55,0.0984240479928793,0.0143768873814111,0.00297045773198762,1.78946481466719,1e-07,19.0579497496592,2600000
10,110,0.378966349814529,0.378966349814529,0.01,0.55,0.0984240479928793,0.0143768873814111,0.00297045773198762,1.78946481466719,1e-07,19.0579497496592,2600000
10,120,0.378966349814529,0.378966349814529,0.01,0.55,0.0984240479928793,0.0143768873814111,0.00297045773198762,1.78946481466719,1e-07,19.0579497496592,2600000
10,130,0.378966349814529,0.378966349814529,0.01,0.55,0.0984240479928793,0.0143768873814111,0.00297045773198762,1.78946481466719,1e-07,19.0579497496592,2600000
10,140,3.013447015687e-05,3.013447015687e-05,0.01,0.41,0.0697733649104323,0.0145151761016538,0.00497978715544633,1.67775076195179,1e-07,1.43565256313088,2e+06
14.5739348370927,154.573934837093,3.013447015687e-05,3.013447015687e-05,0.01,0.41,0.0697733649104323,0.0145151761016538,0.00497978715544633,1.67775076195179,1e-07,1.43565256313088,2e+06
19.1478696741855,173.721804511278,3.013447015687e-05,3.013447015687e-05,0.01,0.41,0.0697733649104323,0.0145151761016538,0.00497978715544633,1.67775076195179,1e-07,1.43565256313088,2e+06
23.7218045112782,197.443609022556,3.013447015687e-05,3.013447015687e-05,0.01,0.41,0.0697733649104323,0.0145151761016538,0.00497978715544633,1.67775076195179,1e-07,1.43565256313088,2e+06
28.2957393483709,225.739348370927,3.013447015687e-05,3.013447015687e-05,0.01,0.41,0.0697733649104323,0.0145151761016538,0.00497978715544633,1.67775076195179,1e-07,1.43565256313088,2e+06
32.8696741854637,258.609022556391,3.013447015687e-05,3.013447015687e-05,0.01,0.41,0.0697733649104323,0.0145151761016538,0.00497978715544633,1.67775076195179,1e-07,1.43565256313088,2e+06
37.4436090225564,296.052631578947,3.013447015687e-05,3.013447015687e-05,0.01,0.41,0.0697733649104323,0.0145151761016538,0.00497978715544633,1.67775076195179,1e-07,1.43565256313088,2e+06
42.0175438596491,338.070175438596,3.013447015687e-05,3.013447015687e-05,0.01,0.41,0.0697733649104323,0.0145151761016538,0.00497978715544633,1.67775076195179,1e-07,1.43565256313088,2e+06
46.5914786967419,384.661654135338,3.013447015687e-05,3.013447015687e-05,0.01,0.41,0.0697733649104323,0.0145151761016538,0.00497978715544633,1.67775076195179,1e-07,1.43565256313088,2e+06
51.1654135338346,435.827067669173,3.013447015687e-05,3.013447015687e-05,0.01,0.41,0.0697733649104323,0.0145151761016538,0.00497978715544633,1.67775076195179,1e-07,1.43565256313088,2e+06
55.7393483709273,491.5664160401,3.013447015687e-05,3.013447015687e-05,0.01,0.41,0.0697733649104323,0.0145151761016538,0.00497978715544633,1.67775076195179,1e-07,1.43565256313088,2e+06
60.31328320802,551.87969924812,3.013447015687e-05,3.013447015687e-05,0.01,0.41,0.0697733649104323,0.0145151761016538,0.00497978715544633,1.67775076195179,1e-07,1.43565256313088,2e+06
64.8872180451128,616.766917293233,3.013447015687e-05,3.013447015687e-05,0.01,0.41,0.0697733649104323,0.0145151761016538,0.00497978715544633,1.67775076195179,1e-07,1.43565256313088,2e+06
69.4611528822055,686.228070175439,3.013447015687e-05,3.013447015687e-05,0.01,0.41,0.0697733649104323,0.0145151761016538,0.00497978715544633,1.67775076195179,1e-07,1.43565256313088,2e+06
74.0350877192982,760.263157894737,3.013447015687e-05,3.013447015687e-05,0.01,0.41,0.0697733649104323,0.0145151761016538,0.00497978715544633,1.67775076195179,1e-07,1.43565256313088,2e+06
78.609022556391,838.872180451128,3.013447015687e-05,3.013447015687e-05,0.01,0.41,0.0697733649104323,0.0145151761016538,0.00497978715544633,1.67775076195179,1e-07,1.43565256313088,2e+06
83.1829573934837,922.055137844612,3.013447015687e-05,3.013447015687e-05,0.01,0.41,0.0697733649104323,0.0145151761016538,0.00497978715544633,1.67775076195179,1e-07,1.43565256313088,2e+06
87.7568922305764,1009.81203007519,3.013447015687e-05,3.013447015687e-05,0.01,0.41,0.0697733649104323,0.0145151761016538,0.00497978715544633,1.67775076195179,1e-07,1.43565256313088,2e+06
92.3308270676692,1102.14285714286,3.013447015687e-05,3.013447015687e-05,0.01,0.41,0.0697733649104323,0.0145151761016538,0.00497978715544633,1.67775076195179,1e-07,1.43565256313088,2e+06
96.9047619047619,1199.04761904762,3.013447015687e-05,3.013447015687e-05,0.01,0.41,0.0697733649104323,0.0145151761016538,0.00497978715544633,1.67775076195179,1e-07,1.43565256313088,2e+06
101.478696741855,1300.52631578947,3.013447015687e-05,3.013447015687e-05,0.01,0.41,0.0697733649104323,0.0145151761016538,0.00497978715544633,1.67775076195179,1e-07,1.43565256313088,2e+06
106.052631578947,1406.57894736842,3.013447015687e-05,3.013447015687e-05,0.01,0.41,0.0697733649104323,0.0145151761016538,0.00497978715544633,1.67775076195179,1e-07,1.43565256313088,2e+06
110.62656641604,1517.20551378446,3.013447015687e-05,3.013447015687e-05,0.01,0.41,0.0697733649104323,0.0145151761016538,0.00497978715544633,1.67775076195179,1e-07,1.43565256313088,2e+06
115.200501253133,1632.40601503759,3.013447015687e-05,3.013447015687e-05,0.01,0.41,0.0697733649104323,0.0145151761016538,0.00497978715544633,1.67775076195179,1e-07,1.43565256313088,2e+06
119.774436090226,1752.18045112782,3.013447015687e-05,3.013447015687e-05,0.01,0.41,0.0697733649104323,0.0145151761016538,0.00497978715544633,1.67775076195179,1e-07,1.43565256313088,2e+06
124.348370927318,1876.52882205514,3.013447015687e-05,3.013447015687e-05,0.01,0.41,0.0697733649104323,0.0145151761016538,0.00497978715544633,1.67775076195179,1e-07,1.43565256313088,2e+06
128.922305764411,2005.45112781955,3.013447015687e-05,3.013447015687e-05,0.01,0.41,0.0697733649104323,0.0145151761016538,0.00497978715544633,1.67775076195179,1e-07,1.43565256313088,2e+06
133.496240601504,2138.94736842105,3.013447015687e-05,3.013447015687e-05,0.01,0.41,0.0697733649104323,0.0145151761016538,0.00497978715544633,1.67775076195179,1e-07,1.43565256313088,2e+06
138.070175438596,2277.01754385965,3.013447015687e-05,3.013447015687e-05,0.01,0.41,0.0697733649104323,0.0145151761016538,0.00497978715544633,1.67775076195179,1e-07,1.43565256313088,2e+06
142.644110275689,2419.66165413534,3.013447015687e-05,3.013447015687e-05,0.01,0.41,0.0697733649104323,0.0145151761016538,0.00497978715544633,1.67775076195179,1e-07,1.43565256313088,2e+06
147.218045112782,2566.87969924812,3.013447015687e-05,3.013447015687e-05,0.01,0.41,0.0697733649104323,0.0145151761016538,0.00497978715544633,1.67775076195179,1e-07,1.43565256313088,2e+06
151.791979949875,2718.67167919799,3.013447015687e-05,3.013447015687e-05,0.01,0.41,0.0697733649104323,0.0145151761016538,0.00497978715544633,1.67775076195179,1e-07,1.43565256313088,2e+06
156.365914786967,2875.03759398496,3.013447015687e-05,3.013447015687e-05,0.01,0.41,0.0697733649104323,0.0145151761016538,0.00497978715544633,1.67775076195179,1e-07,1.43565256313088,2e+06
160.93984962406,3035.97744360902,3.013447015687e-05,3.013447015687e-05,0.01,0.41,0.0697733649104323,0.0145151761016538,0.00497978715544633,1.67775076195179,1e-07,1.43565256313088,2e+06
165.513784461153,3201.49122807018,3.013447015687e-05,3.013447015687e-05,0.01,0.41,0.0697733649104323,0.0145151761016538,0.00497978715544633,1.67775076195179,1e-07,1.43565256313088,2e+06
170.087719298246,3371.57894736842,3.013447015687e-05,3.013447015687e-05,0.01,0.41,0.0697733649104323,0.0145151761016538,0.00497978715544633,1.67775076195179,1e-07,1.43565256313088,2e+06
174.661654135338,3546.24060150376,3.013447015687e-05,3.013447015687e-05,0.01,0.41,0.0697733649104323,0.0145151761016538,0.00497978715544633,1.67775076195179,1e-07,1.43565256313088,2e+06
179.235588972431,3725.47619047619,3.013447015687e-05,3.013447015687e-05,0.01,0.41,0.0697733649104323,0.0145151761016538,0.00497978715544633,1.67775076195179,1e-07,1.43565256313088,2e+06
183.809523809524,3909.28571428571,3.013447015687e-05,3.013447015687e-05,0.01,0.41,0.0697733649104323,0.0145151761016538,0.00497978715544633,1.67775076195179,1e-07,1.43565256313088,2e+06
188.383458646617,4097.66917293233,3.013447015687e-05,3.013447015687e-05,0.01,0.41,0.0697733649104323,0.0145151761016538,0.00497978715544633,1.67775076195179,1e-07,1.43565256313088,2e+06
192.957393483709,4290.62656641604,3.013447015687e-05,3.013447015687e-05,0.01,0.41,0.0697733649104323,0.0145151761016538,0.00497978715544633,1.67775076195179,1e-07,1.43565256313088,2e+06
197.531328320802,4488.15789473684,3.013447015687e-05,3.013447015687e-05,0.01,0.41,0.0697733649104323,0.0145151761016538,0.00497978715544633,1.67775076195179,1e-07,1.43565256313088,2e+06
202.105263157895,4690.26315789474,3.013447015687e-05,3.013447015687e-05,0.01,0.41,0.0697733649104323,0.0145151761016538,0.00497978715544633,1.67775076195179,1e-07,1.43565256313088,2e+06
206.679197994987,4896.94235588972,3.013447015687e-05,3.013447015687e-05,0.01,0.41,0.0697733649104323,0.0145151761016538,0.00497978715544633,1.67775076195179,1e-07,1.43565256313088,2e+06
211.25313283208,5108.1954887218,3.013447015687e-05,3.013447015687e-05,0.01,0.41,0.0697733649104323,0.0145151761016538,0.00497978715544633,1.67775076195179,1e-07,1.43565256313088,2e+06
215.827067669173,5324.02255639098,3.013447015687e-05,3.013447015687e-05,0.01,0.41,0.0697733649104323,0.0145151761016538,0.00497978715544633,1.67775076195179,1e-07,1.43565256313088,2e+06
220.401002506266,5544.42355889724,3.013447015687e-05,3.013447015687e-05,0.01,0.41,0.0697733649104323,0.0145151761016538,0.00497978715544633,1.67775076195179,1e-07,1.43565256313088,2e+06
224.974937343358,5769.3984962406,3.013447015687e-05,3.013447015687e-05,0.01,0.41,0.0697733649104323,0.0145151761016538,0.00497978715544633,1.67775076195179,1e-07,1.43565256313088,2e+06
229.548872180451,5998.94736842105,3.013447015687e-05,3.013447015687e-05,0.01,0.41,0.0697733649104323,0.0145151761016538,0.00497978715544633,1.67775076195179,1e-07,1.43565256313088,2e+06
234.122807017544,6233.0701754386,3.013447015687e-05,3.013447015687e-05,0.01,0.41,0.0697733649104323,0.0145151761016538,0.00497978715544633,1.67775076195179,1e-07,1.43565256313088,2e+06
238.696741854637,6471.76691729323,3.013447015687e-05,3.013447015687e-05,0.01,0.41,0.0697733649104323,0.0145151761016538,0.00497978715544633,1.67775076195179,1e-07,1.43565256313088,2e+06
243.270676691729,6715.03759398496,3.013447015687e-05,3.013447015687e-05,0.01,0.41,0.0697733649104323,0.0145151761016538,0.00497978715544633,1.67775076195179,1e-07,1.43565256313088,2e+06
247.844611528822,6962.88220551378,3.013447015687e-05,3.013447015687e-05,0.01,0.41,0.0697733649104323,0.0145151761016538,0.00497978715544633,1.67775076195179,1e-07,1.43565256313088,2e+06
252.418546365915,7215.3007518797,3.013447015687e-05,3.013447015687e-05,0.01,0.41,0.0697733649104323,0.0145151761016538,0.00497978715544633,1.67775076195179,1e-07,1.43565256313088,2e+06
256.992481203008,7472.29323308271,3.013447015687e-05,3.013447015687e-05,0.01,0.41,0.0697733649104323,0.0145151761016538,0.00497978715544633,1.67775076195179,1e-07,1.43565256313088,2e+06
261.5664160401,7733.85964912281,3.013447015687e-05,3.013447015687e-05,0.01,0.41,0.0697733649104323,0.0145151761016538,0.00497978715544633,1.67775076195179,1e-07,1.43565256313088,2e+06
266.140350877193,8000,3.013447015687e-05,3.013447015687e-05,0.01,0.41,0.0697733649104323,0.0145151761016538,0.00497978715544633,1.67775076195179,1e-07,1.43565256313088,2e+06
