Dz,z.tot,Kh,Kv,vwc_r,vwc_s,vwc_fc,vwc_wp,VG_alpha,VG_n,SS,thermcond,thermcap
10,10,0.565473122374174,0.565473122374174,0.01,0.55,0.318554908466717,0.113628145609431,0.00193853687784568,1.29098130051193,1e-07,8.41683770998281,2600000
10,20,0.565473122374174,0.565473122374174,0.01,0.55,0.318554908466717,0.113628145609431,0.00193853687784568,1.29098130051193,1e-07,8.41683770998281,2600000
10,30,0.565473122374174,0.565473122374174,0.01,0.55,0.318554908466717,0.113628145609431,0.00193853687784568,1.29098130051193,1e-07,8.41683770998281,2600000
10,40,0.565473122374174,0.565473122374174,0.01,0.55,0.318554908466717,0.113628145609431,0.00193853687784568,1.29098130051193,1e-07,8.41683770998281,2600000
10,50,0.565473122374174,0.565473122374174,0.01,0.55,0.318554908466717,0.113628145609431,0.00193853687784568,1.29098130051193,1e-07,8.41683770998281,2600000
10,60,0.565473122374174,0.565473122374174,0.01,0.55,0.318554908466717,0.113628145609431,0.00193853687784568,1.29098130051193,1e-07,8.41683770998281,2600000
10,70,0.565473122374174,0.565473122374174,0.01,0.55,0.318554908466717,0.113628145609431,0.00193853687784568,1.29098130051193,1e-07,8.41683770998281,2600000
10,80,0.565473122374174,0.565473122374174,0.01,0.55,0.318554908466717,0.113628145609431,0.00193853687784568,1.29098130051193,1e-07,8.41683770998281,2600000
10,90,0.565473122374174,0.565473122374174,0.01,0.55,0.318554908466717,0.113628145609431,0.00193853687784568,1.29098130051193,1e-07,8.41683770998281,2600000
10,100,0.565473122374174,0.565473122374174,0.01,0.55,0.318554908466717,0.113628145609431,0.00193853687784568,1.29098130051193,1e-07,8.41683770998281,2600000
10,110,0.565473122374174,0.565473122374174,0.01,0.55,0.318554908466717,0.113628145609431,0.00193853687784568,1.29098130051193,1e-07,8.41683770998281,2600000
10,120,0.565473122374174,0.565473122374174,0.01,0.55,0.318554908466717,0.113628145609431,0.00193853687784568,1.29098130051193,1e-07,8.41683770998281,2600000
10,130,0.565473122374174,0.565473122374174,0.01,0.55,0.318554908466717,0.113628145609431,0.00193853687784568,1.29098130051193,1e-07,8.41683770998281,2600000
10,140,2.17177720959378e-06,2.17177720959378e-06,0.01,0.41,0.226431836941378,0.0791116830844738,0.00216453229713586,1.30359078959189,1e-07,1.83181692188739,2e+06
14.5739348370927,154.573934837093,2.17177720959378e-06,2.17177720959378e-06,0.01,0.41,0.226431836941378,0.0791116830844738,0.00216453229713586,1.30359078959189,1e-07,1.83181692188739,2e+06
19.1478696741855,173.721804511278,2.17177720959378e-06,2.17177720959378e-06,0.01,0.41,0.226431836941378,0.0791116830844738,0.00216453229713586,1.30359078959189,1e-07,1.83181692188739,2e+06
23.7218045112782,197.443609022556,2.17177720959378e-06,2.17177720959378e-06,0.01,0.41,0.226431836941378,0.0791116830844738,0.00216453229713586,1.30359078959189,1e-07,1.83181692188739,2e+06
28.2957393483709,225.739348370927,2.17177720959378e-06,2.17177720959378e-06,0.01,0.41,0.226431836941378,0.0791116830844738,0.00216453229713586,1.30359078959189,1e-07,1.83181692188739,2e+06
32.8696741854637,258.609022556391,2.17177720959378e-06,2.17177720959378e-06,0.01,0.41,0.226431836941378,0.0791116830844738,0.00216453229713586,1.30359078959189,1e-07,1.83181692188739,2e+06
37.4436090225564,296.052631578947,2.17177720959378e-06,2.17177720959378e-06,0.01,0.41,0.226431836941378,0.0791116830844738,0.00216453229713586,1.30359078959189,1e-07,1.83181692188739,2e+06
42.0175438596491,338.070175438596,2.17177720959378e-06,2.17177720959378e-06,0.01,0.41,0.226431836941378,0.0791116830844738,0.00216453229713586,1.30359078959189,1e-07,1.83181692188739,2e+06
46.5914786967419,384.661654135338,2.17177720959378e-06,2.17177720959378e-06,0.01,0.41,0.226431836941378,0.0791116830844738,0.00216453229713586,1.30359078959189,1e-07,1.83181692188739,2e+06
51.1654135338346,435.827067669173,2.17177720959378e-06,2.17177720959378e-06,0.01,0.41,0.226431836941378,0.0791116830844738,0.00216453229713586,1.30359078959189,1e-07,1.83181692188739,2e+06
55.7393483709273,491.5664160401,2.17177720959378e-06,2.17177720959378e-06,0.01,0.41,0.226431836941378,0.0791116830844738,0.00216453229713586,1.30359078959189,1e-07,1.83181692188739,2e+06
60.31328320802,551.87969924812,2.17177720959378e-06,2.17177720959378e-06,0.01,0.41,0.226431836941378,0.0791116830844738,0.00216453229713586,1.30359078959189,1e-07,1.83181692188739,2e+06
64.8872180451128,616.766917293233,2.17177720959378e-06,2.17177720959378e-06,0.01,0.41,0.226431836941378,0.0791116830844738,0.00216453229713586,1.30359078959189,1e-07,1.83181692188739,2e+06
69.4611528822055,686.228070175439,2.17177720959378e-06,2.17177720959378e-06,0.01,0.41,0.226431836941378,0.0791116830844738,0.00216453229713586,1.30359078959189,1e-07,1.83181692188739,2e+06
74.0350877192982,760.263157894737,2.17177720959378e-06,2.17177720959378e-06,0.01,0.41,0.226431836941378,0.0791116830844738,0.00216453229713586,1.30359078959189,1e-07,1.83181692188739,2e+06
78.609022556391,838.872180451128,2.17177720959378e-06,2.17177720959378e-06,0.01,0.41,0.226431836941378,0.0791116830844738,0.00216453229713586,1.30359078959189,1e-07,1.83181692188739,2e+06
83.1829573934837,922.055137844612,2.17177720959378e-06,2.17177720959378e-06,0.01,0.41,0.226431836941378,0.0791116830844738,0.00216453229713586,1.30359078959189,1e-07,1.83181692188739,2e+06
87.7568922305764,1009.81203007519,2.17177720959378e-06,2.17177720959378e-06,0.01,0.41,0.226431836941378,0.0791116830844738,0.00216453229713586,1.30359078959189,1e-07,1.83181692188739,2e+06
92.3308270676692,1102.14285714286,2.17177720959378e-06,2.17177720959378e-06,0.01,0.41,0.226431836941378,0.0791116830844738,0.00216453229713586,1.30359078959189,1e-07,1.83181692188739,2e+06
96.9047619047619,1199.04761904762,2.17177720959378e-06,2.17177720959378e-06,0.01,0.41,0.226431836941378,0.0791116830844738,0.00216453229713586,1.30359078959189,1e-07,1.83181692188739,2e+06
101.478696741855,1300.52631578947,2.17177720959378e-06,2.17177720959378e-06,0.01,0.41,0.226431836941378,0.0791116830844738,0.00216453229713586,1.30359078959189,1e-07,1.83181692188739,2e+06
106.052631578947,1406.57894736842,2.17177720959378e-06,2.17177720959378e-06,0.01,0.41,0.226431836941378,0.0791116830844738,0.00216453229713586,1.30359078959189,1e-07,1.83181692188739,2e+06
110.62656641604,1517.20551378446,2.17177720959378e-06,2.17177720959378e-06,0.01,0.41,0.226431836941378,0.0791116830844738,0.00216453229713586,1.30359078959189,1e-07,1.83181692188739,2e+06
115.200501253133,1632.40601503759,2.17177720959378e-06,2.17177720959378e-06,0.01,0.41,0.226431836941378,0.0791116830844738,0.00216453229713586,1.30359078959189,1e-07,1.83181692188739,2e+06
119.774436090226,1752.18045112782,2.17177720959378e-06,2.17177720959378e-06,0.01,0.41,0.226431836941378,0.0791116830844738,0.00216453229713586,1.30359078959189,1e-07,1.83181692188739,2e+06
124.348370927318,1876.52882205514,2.17177720959378e-06,2.17177720959378e-06,0.01,0.41,0.226431836941378,0.0791116830844738,0.00216453229713586,1.30359078959189,1e-07,1.83181692188739,2e+06
128.922305764411,2005.45112781955,2.17177720959378e-06,2.17177720959378e-06,0.01,0.41,0.226431836941378,0.0791116830844738,0.00216453229713586,1.30359078959189,1e-07,1.83181692188739,2e+06
133.496240601504,2138.94736842105,2.17177720959378e-06,2.17177720959378e-06,0.01,0.41,0.226431836941378,0.0791116830844738,0.00216453229713586,1.30359078959189,1e-07,1.83181692188739,2e+06
138.070175438596,2277.01754385965,2.17177720959378e-06,2.17177720959378e-06,0.01,0.41,0.226431836941378,0.0791116830844738,0.00216453229713586,1.30359078959189,1e-07,1.83181692188739,2e+06
142.644110275689,2419.66165413534,2.17177720959378e-06,2.17177720959378e-06,0.01,0.41,0.226431836941378,0.0791116830844738,0.00216453229713586,1.30359078959189,1e-07,1.83181692188739,2e+06
147.218045112782,2566.87969924812,2.17177720959378e-06,2.17177720959378e-06,0.01,0.41,0.226431836941378,0.0791116830844738,0.00216453229713586,1.30359078959189,1e-07,1.83181692188739,2e+06
151.791979949875,2718.67167919799,2.17177720959378e-06,2.17177720959378e-06,0.01,0.41,0.226431836941378,0.0791116830844738,0.00216453229713586,1.30359078959189,1e-07,1.83181692188739,2e+06
156.365914786967,2875.03759398496,2.17177720959378e-06,2.17177720959378e-06,0.01,0.41,0.226431836941378,0.0791116830844738,0.00216453229713586,1.30359078959189,1e-07,1.83181692188739,2e+06
160.93984962406,3035.97744360902,2.17177720959378e-06,2.17177720959378e-06,0.01,0.41,0.226431836941378,0.0791116830844738,0.00216453229713586,1.30359078959189,1e-07,1.83181692188739,2e+06
165.513784461153,3201.49122807018,2.17177720959378e-06,2.17177720959378e-06,0.01,0.41,0.226431836941378,0.0791116830844738,0.00216453229713586,1.30359078959189,1e-07,1.83181692188739,2e+06
170.087719298246,3371.57894736842,2.17177720959378e-06,2.17177720959378e-06,0.01,0.41,0.226431836941378,0.0791116830844738,0.00216453229713586,1.30359078959189,1e-07,1.83181692188739,2e+06
174.661654135338,3546.24060150376,2.17177720959378e-06,2.17177720959378e-06,0.01,0.41,0.226431836941378,0.0791116830844738,0.00216453229713586,1.30359078959189,1e-07,1.83181692188739,2e+06
179.235588972431,3725.47619047619,2.17177720959378e-06,2.17177720959378e-06,0.01,0.41,0.226431836941378,0.0791116830844738,0.00216453229713586,1.30359078959189,1e-07,1.83181692188739,2e+06
183.809523809524,3909.28571428571,2.17177720959378e-06,2.17177720959378e-06,0.01,0.41,0.226431836941378,0.0791116830844738,0.00216453229713586,1.30359078959189,1e-07,1.83181692188739,2e+06
188.383458646617,4097.66917293233,2.17177720959378e-06,2.17177720959378e-06,0.01,0.41,0.226431836941378,0.0791116830844738,0.00216453229713586,1.30359078959189,1e-07,1.83181692188739,2e+06
192.957393483709,4290.62656641604,2.17177720959378e-06,2.17177720959378e-06,0.01,0.41,0.226431836941378,0.0791116830844738,0.00216453229713586,1.30359078959189,1e-07,1.83181692188739,2e+06
197.531328320802,4488.15789473684,2.17177720959378e-06,2.17177720959378e-06,0.01,0.41,0.226431836941378,0.0791116830844738,0.00216453229713586,1.30359078959189,1e-07,1.83181692188739,2e+06
202.105263157895,4690.26315789474,2.17177720959378e-06,2.17177720959378e-06,0.01,0.41,0.226431836941378,0.0791116830844738,0.00216453229713586,1.30359078959189,1e-07,1.83181692188739,2e+06
206.679197994987,4896.94235588972,2.17177720959378e-06,2.17177720959378e-06,0.01,0.41,0.226431836941378,0.0791116830844738,0.00216453229713586,1.30359078959189,1e-07,1.83181692188739,2e+06
211.25313283208,5108.1954887218,2.17177720959378e-06,2.17177720959378e-06,0.01,0.41,0.226431836941378,0.0791116830844738,0.00216453229713586,1.30359078959189,1e-07,1.83181692188739,2e+06
215.827067669173,5324.02255639098,2.17177720959378e-06,2.17177720959378e-06,0.01,0.41,0.226431836941378,0.0791116830844738,0.00216453229713586,1.30359078959189,1e-07,1.83181692188739,2e+06
220.401002506266,5544.42355889724,2.17177720959378e-06,2.17177720959378e-06,0.01,0.41,0.226431836941378,0.0791116830844738,0.00216453229713586,1.30359078959189,1e-07,1.83181692188739,2e+06
224.974937343358,5769.3984962406,2.17177720959378e-06,2.17177720959378e-06,0.01,0.41,0.226431836941378,0.0791116830844738,0.00216453229713586,1.30359078959189,1e-07,1.83181692188739,2e+06
229.548872180451,5998.94736842105,2.17177720959378e-06,2.17177720959378e-06,0.01,0.41,0.226431836941378,0.0791116830844738,0.00216453229713586,1.30359078959189,1e-07,1.83181692188739,2e+06
234.122807017544,6233.0701754386,2.17177720959378e-06,2.17177720959378e-06,0.01,0.41,0.226431836941378,0.0791116830844738,0.00216453229713586,1.30359078959189,1e-07,1.83181692188739,2e+06
238.696741854637,6471.76691729323,2.17177720959378e-06,2.17177720959378e-06,0.01,0.41,0.226431836941378,0.0791116830844738,0.00216453229713586,1.30359078959189,1e-07,1.83181692188739,2e+06
243.270676691729,6715.03759398496,2.17177720959378e-06,2.17177720959378e-06,0.01,0.41,0.226431836941378,0.0791116830844738,0.00216453229713586,1.30359078959189,1e-07,1.83181692188739,2e+06
247.844611528822,6962.88220551378,2.17177720959378e-06,2.17177720959378e-06,0.01,0.41,0.226431836941378,0.0791116830844738,0.00216453229713586,1.30359078959189,1e-07,1.83181692188739,2e+06
252.418546365915,7215.3007518797,2.17177720959378e-06,2.17177720959378e-06,0.01,0.41,0.226431836941378,0.0791116830844738,0.00216453229713586,1.30359078959189,1e-07,1.83181692188739,2e+06
256.992481203008,7472.29323308271,2.17177720959378e-06,2.17177720959378e-06,0.01,0.41,0.226431836941378,0.0791116830844738,0.00216453229713586,1.30359078959189,1e-07,1.83181692188739,2e+06
261.5664160401,7733.85964912281,2.17177720959378e-06,2.17177720959378e-06,0.01,0.41,0.226431836941378,0.0791116830844738,0.00216453229713586,1.30359078959189,1e-07,1.83181692188739,2e+06
266.140350877193,8000,2.17177720959378e-06,2.17177720959378e-06,0.01,0.41,0.226431836941378,0.0791116830844738,0.00216453229713586,1.30359078959189,1e-07,1.83181692188739,2e+06
